k        x   signGen  noise     signWithNoise
0    0.000   0.500     0.117          0.617
1    0.031   0.531    -0.028          0.503
2    0.063   0.563    -0.113          0.450
3    0.094   0.594    -0.168          0.426
4    0.126   0.625     0.056          0.682
5    0.157   0.656     0.049          0.705
6    0.188   0.687    -0.214          0.474
7    0.220   0.718    -0.031          0.687
8    0.251   0.749    -0.183          0.566
9    0.283   0.779     0.053          0.832
10   0.314   0.809     0.094          0.903
11   0.346   0.839     0.007          0.845
12   0.377   0.868    -0.191          0.677
13   0.408   0.897     0.165          1.062
14   0.440   0.926     0.116          1.042
15   0.471   0.954    -0.148          0.806
16   0.503   0.982    -0.152          0.830
17   0.534   1.009    -0.072          0.937
18   0.565   1.036     0.222          1.258
19   0.597   1.062     0.090          1.152
20   0.628   1.088     0.245          1.333
21   0.660   1.113    -0.109          1.004
22   0.691   1.137    -0.161          0.976
23   0.723   1.161    -0.076          1.085
24   0.754   1.185    -0.026          1.158
25   0.785   1.207    -0.002          1.205
26   0.817   1.229    -0.226          1.003
27   0.848   1.250    -0.211          1.039
28   0.880   1.271     0.050          1.320
29   0.911   1.290    -0.005          1.286
30   0.942   1.309    -0.141          1.168
31   0.974   1.327    -0.151          1.176
32   1.005   1.344    -0.121          1.223
33   1.037   1.361     0.036          1.397
34   1.068   1.376     0.234          1.610
35   1.100   1.391    -0.184          1.207
36   1.131   1.405     0.126          1.531
37   1.162   1.418     0.136          1.554
38   1.194   1.430     0.078          1.508
39   1.225   1.441     0.054          1.494
40   1.257   1.451    -0.015          1.436
41   1.288   1.460     0.070          1.530
42   1.319   1.469    -0.147          1.322
43   1.351   1.476    -0.187          1.288
44   1.382   1.482     0.062          1.544
45   1.414   1.488     0.235          1.723
46   1.445   1.492     0.224          1.716
47   1.477   1.496    -0.074          1.422
48   1.508   1.498     0.047          1.545
49   1.539   1.500    -0.038          1.462
50   1.571   1.500     0.146          1.646
51   1.602   1.500    -0.080          1.419
52   1.634   1.498     0.208          1.706
53   1.665   1.496    -0.015          1.480
54   1.696   1.492    -0.132          1.360
55   1.728   1.488    -0.179          1.309
56   1.759   1.482    -0.153          1.329
57   1.791   1.476    -0.151          1.325
58   1.822   1.469    -0.051          1.418
59   1.854   1.460     0.155          1.615
60   1.885   1.451    -0.159          1.292
61   1.916   1.441     0.015          1.456
62   1.948   1.430     0.130          1.560
63   1.979   1.418     0.199          1.616
64   2.011   1.405    -0.216          1.188
65   2.042   1.391     0.003          1.394
66   2.073   1.376    -0.009          1.367
67   2.105   1.361     0.051          1.412
68   2.136   1.344    -0.080          1.264
69   2.168   1.327    -0.071          1.256
70   2.199   1.309     0.032          1.341
71   2.231   1.290     0.243          1.534
72   2.262   1.271     0.177          1.448
73   2.293   1.250    -0.248          1.002
74   2.325   1.229    -0.191          1.038
75   2.356   1.207     0.067          1.274
76   2.388   1.185     0.118          1.303
77   2.419   1.161     0.051          1.212
78   2.450   1.137    -0.230          0.908
79   2.482   1.113    -0.092          1.021
80   2.513   1.088     0.009          1.097
81   2.545   1.062    -0.109          0.953
82   2.576   1.036     0.165          1.201
83   2.608   1.009    -0.042          0.967
84   2.639   0.982     0.219          1.201
85   2.670   0.954     0.094          1.048
86   2.702   0.926    -0.143          0.782
87   2.733   0.897     0.104          1.001
88   2.765   0.868    -0.002          0.866
89   2.796   0.839     0.131          0.970
90   2.827   0.809     0.229          1.038
91   2.859   0.779     0.156          0.935
92   2.890   0.749    -0.114          0.635
93   2.922   0.718     0.112          0.830
94   2.953   0.687    -0.072          0.615
95   2.985   0.656     0.003          0.660
96   3.016   0.625    -0.029          0.597
97   3.047   0.594     0.032          0.626
98   3.079   0.563    -0.188          0.375
99   3.110   0.531    -0.022          0.509
100  3.142   0.500     0.216          0.716

לבהא 0.0
J(  0.36942066290080944 ;  0.460826504151542 ) =  0.460826504151542
dist =   0.36942066290080944
לבהא 0.1
J(  0.24007998652154927 ;  0.40783895560686867 ) =  0.39106305869833674
dist =   0.24007998652154927
לבהא 0.2
J(  0.16309026135237403 ;  0.4358032358582764 ) =  0.38126064095709594
dist =   0.16309026135237403
לבהא 0.3
J(  0.23643592039639594 ;  0.41105933783576565 ) =  0.3586723126039547
dist =   0.23643592039639594
לבהא 0.4
J(  0.1543908070061475 ;  0.4282668689942173 ) =  0.31871644419898937
dist =   0.1543908070061475
לבהא 0.5
J(  0.21829499442090405 ;  0.4254162082388153 ) =  0.3218556013298597
dist =   0.21829499442090405
לבהא 0.6
J(  0.3421216394560542 ;  0.4386796131441415 ) =  0.38074482893128914
dist =   0.3421216394560542
לבהא 0.7
J(  0.22592592916685872 ;  0.44833925671006547 ) =  0.29264992742982077
dist =   0.22592592916685872
לבהא 0.8
J(  0.2782339628976873 ;  0.43384997572220385 ) =  0.3093571654625906
dist =   0.2782339628976873
לבהא 0.9
J(  0.4166632689092078 ;  0.5022796455345304 ) =  0.42522490657174006
dist =   0.4166632689092078
לבהא 1.0
J(  0.2347381239727484 ;  0.42201357516144467 ) =  0.2347381239727484
dist =   0.2347381239727484




וחףכעאע
J =  0.39106305869833674
w =  0.24007998652154927
o =  0.40783895560686867
alfa =  [0.25014146540069615, 0.24873444409277376, 0.0022481810130602, 0.24873444409277376, 0.12507073270034808]
lambda =  0.1
